50 75 0
84.442185 80.317947 572.398708
75.795440 44.796957 523.342294
42.057158 8.044582 678.601022
25.891675 32.005460 675.375520
51.127472 50.794064 663.940471
40.493414 93.283382 316.801813
78.379859 10.905785 599.653929
30.331273 55.126725 580.529927
47.659695 70.656141 562.144746
58.338204 54.744091 584.943061
90.811289 81.446686 661.084060
50.468686 54.028361 556.056480
28.183784 96.383855 448.979705
75.580420 60.318563 515.171513
61.836900 58.761706 383.137641
25.050634 44.498903 534.850202
90.974626 59.628686 303.558833
98.278548 38.490115 360.409270
81.021724 57.565101 433.363355
90.216595 29.032950 615.849264
31.014757 18.939133 587.399769
72.983175 18.672953 435.302388
89.883829 61.277318 548.215243
68.398393 65.665939 316.481180
47.214272 47.653099 365.544218
10.070121 8.982436 692.765628
43.417184 75.760392 415.812341
61.088697 87.677037 457.916793
91.301105 92.338102 519.393719
96.660637 84.246022 417.362801
47.700978 89.817312 491.225868
86.530993 92.308244 395.882433
26.049231 54.059992 319.302545
80.502783 39.129605 371.834740
54.869930 70.528340 509.220093
1.404170 27.563412 328.345154
71.970469 81.162871 461.267659
39.882354 84.948597 431.408284
82.484498 89.503897 465.888644
66.815320 58.980118 339.760135
0.114282 94.976487 663.463022
49.357787 57.969501 489.601860
86.760278 45.056311 636.339333
24.391088 66.024538 690.491783
32.520436 99.625784 437.460637
87.047123 91.694122 491.634608
19.106709 79.332508 579.838116
56.751074 8.237299 470.614129
23.861593 61.278311 420.761246
96.754025 48.644420 593.900396
63.014734 95.312934
84.507758 35.222556
24.303562 28.787791
73.148922 35.920120
11.713429 94.690584
22.046054 63.374785
79.458297 62.107685
33.253615 71.561935
81.591310 38.801724
10.060752 41.441799
14.635849 65.083286
69.767064 0.152422
4.523407 19.230954
57.386604 33.440169
91.001601 23.941596
53.419797 63.739940
68.058913 37.864807
2.669679 87.542339
63.499991 56.815142
60.633842 41.440640
57.595295 40.226708
39.120941 70.182962
37.013994 41.822655
98.051665 66.219589
3.639204 4.677969
2.163651 44.535219
96.103128 25.922692
18.497194 15.768657
12.389516 52.757313
21.057651 48.726560
80.074659 56.140493
93.696916 75.548477
2.278258 88.387515
42.561883 49.458267
10.150022 31.205825
25.991989 46.689224
22.082927 80.904586
64.692572 87.501633
35.029397 81.241493
18.031790 18.800129
50.363651 99.942036
3.937871 63.308876
10.092124 8.346705
98.823515 72.555436
19.935579 98.682148
35.855530 40.181682
73.159831 67.851501
83.832657 31.617714
91.848206 21.352466
16.942461 71.732414
67.264056 0.235756
96.654890 82.273141
5.805094 52.834598
67.620178 9.778434
84.542459 11.890389
34.231254 64.926542
25.068734 87.365382
59.679139 27.998274
44.231403 97.851519
17.481948 10.018069
47.162542 85.393811
40.990540 39.669618
56.911274 8.134542
50.860013 27.471384
31.144600 45.297818
35.715168 79.234153
83.766117 86.135990
25.093266 13.342055
56.060022 52.086553
1.243632 65.078324
74.157438 34.705301
33.591655 87.186384
4.569649 27.840982
28.088316 1.857433
24.013041 4.066327
