25 50 0
79.334008 80.028272 225.601482
82.195404 80.478151 119.464445
48.503463 44.521241 121.086294
26.162148 9.378037 229.114033
0.045171 19.716204 192.542660
66.281856 63.491885 279.917081
47.025426 29.118356 225.839476
75.973064 95.137300 240.274093
37.316037 58.856980 125.401323
77.013984 20.087432 266.532667
27.269809 65.540399 116.708716
80.191548 36.037957 223.624345
72.982483 93.273722 282.279669
41.400644 90.951120 281.545882
53.830522 51.465116 278.658927
68.205174 64.457181 190.396770
19.298488 69.791035 238.760078
55.361517 80.550492 258.266496
80.512405 97.637501 127.414402
26.552105 2.842198 288.680364
80.336531 36.137642 281.754866
68.568988 60.174724 188.177329
84.428232 30.432441 255.699604
33.558202 58.915674 189.415733
9.313459 8.968746 155.281413
88.007884 45.153325
52.526318 92.759711
11.682439 25.476340
66.274117 41.057160
31.228066 87.929386
19.622413 61.217716
48.374428 26.793750
13.810555 47.470893
20.988528 47.853899
86.553920 14.218502
69.822374 37.747811
1.252270 30.567353
77.805751 80.474098
1.705875 32.339025
33.291206 65.924315
90.443785 97.076608
62.026526 92.307838
30.612453 37.604280
37.740480 60.303142
38.916558 32.011301
12.683473 39.828157
99.987860 48.799874
5.382214 79.343901
42.288866 93.661237
74.631304 29.078976
39.776430 0.619231
98.097353 44.935729
24.531104 5.710504
97.925603 3.011266
89.225699 77.357289
67.021711 11.214166
88.951255 71.850719
44.719416 36.201133
83.125951 93.844046
79.609884 85.349163
51.668667 6.227485
47.092980 19.263164
70.567298 94.739139
40.906376 61.343244
8.593088 42.211161
74.651589 78.229136
26.581972 81.351383
48.766400 49.169403
78.402927 46.889913
17.212810 10.015502
2.187336 36.197200
12.349531 14.495863
58.941556 62.559356
36.104912 60.658016
25.631221 14.427628
